405
1032
1027
870
622
159
485
1026
714
1024
296
655
1024
310
1024
1025
744
27
1106
1024
1046
1024
108
1025
1024
1037
439
1300
1108
1032
1027
620
561
1019
1068
1107
2
799
1076
217
1097
1024
1022
472
5
780
1032
1024
1052
403
56
590
1031
440
1046
1024
1024
1024
666
977
481
1010
1032
1026
604
1024
26
1038
1024
55
1024
3
470
1002
70
1055
1116
671
1064
29
976
1024
1031
325
721
1029
1025
1025
790
72
31
237
1024
1012
1002
993
659
1027
47
381
1030
1005
1208
497
19
1024
123
552
1024
1054
1024
1114
164
1034
88
846
966
1033
1033
179
38
498
495
236
574
1032
533
789
151
485
1031
168
874
555
886
224
38
968
1088
671
826
1025
988
15
84
586
1046
1028
247
10
866
60
280
948
1029
14
840
72
25
286
28
173
986
744
85
1010
1076
1071
1016
418
1090
811
366
1016
919
1117
801
223
671
21
126
451
1028
831
67
1073
908
1024
611
117
416
1069
1024
1026
18
814
1047
499
1029
1049
5
669
952
813
1049
464
1029
600
564
964
1095
1024
165
218
1017
1032
1046
871
508
1034
1047
1029
260
462
1044
1199
547
840
11
777
987
261
199
571
786
965
578
37
929
1055
1029
1069
128
1024
114
600
1199
974
443
64
1025
882
874
1143
210
151
874
236
25
600
1020
444
1098
1013
188
10
183
7
414
743
350
636
1017
357
855
692
698
1019
37
366
421
5
1350
1077
1097
1026
65
173
1028
454
1040
1500
1024
618
1102
2
250
754
2073
1024
986
821
864
170
1081
537
149
175
190
1033
1118
234
869
533
949
1025
38
1029
1019
80
303
888
118
1034
752
975
5
233
1040
379
132
901
1024
902
1035
365
1174
668
1030
115
20
1151
1102
29
1005
1028
353
1026
672
1024
1039
1036
616
263
29
442
780
1003
284
162
1107
1031
850
39
865
1313
1113
1052
1195
41
396
773
1109
1040
1013
79
100
182
1043
519
445
98
653
667
869
221
302
1037
1024
131
455
919
575
1026
1060
991
1066
30
871
1110
1093
33
1039
929
1149
999
1122
45
141
527
115
1032
1174
916
359
866
399
176
643
1032
1027
108
680
958
1159
895
1031
446
978
592
54
1029
1024
70
140
1058
1100
167
471
125
871
642
34
1009
300
513
464
636
1018
595
734
64
815
1036
1055
1045
491
188
96
73
23
499
905
857
1285
1033
974
1017
531
235
662
315
622
1161
1026
412
710
666
1056
441
1074
1025
1040
1038
531
1024
1024
52
1236
740
645
1287
1028
1095
1032
22
1024
285
1024
347
1137
1024
697
389
1046
643
1025
1024
1038
1024
359
958
1125
1031
963
1005
67
1026
1169
707
892
63
864
1064
1069
1131
880
160
1026
76
1025
21
984
145
1029
433
1165
344
604
53
1027
895
971
1028
147
468
203
8
753
1050
192
1022
220
1119
874
66
958
10
1030
716
318
449
427
585
598
1035
721
9
800
405
227
304
1122
737
5
30
168
1042
994
712
761
272
557
95
937
1201
955
1027
72
1081
1033
474
43
573
988
1053
1074
561
1009
16
4
472
1024
169
1024
749
933
899
348
277
129
819
351
701
1040
1031
581
444
1033
80
356
129
775
852
895
176
1024
1080
1021
1030
1039
994
33
1024
257
1036
788
1024
1067
1024
1023
28
10
983
921
1025
46
1122
424
925
954
757
83
852
299
285
984
380
246
650
1081
1024
39
627
645
1108
379
6
566
599
79
458
1024
431
998
550
1027
1052
1025
839
1030
1037
1025
568
1024
1029
1026
45
148
675
948
1030
686
2
1126
324
237
535
530
1022
995
1027
2
759
473
594
1026
1062
1117
1059
891
1210
986
83
63
425
634
585
1036
1036
523
1038
1026
1108
151
23
1025
1034
980
1059
1130
88
1119
923
1129
17
21
808
101
1007
1037
268
271
8
658
1045
705
1193
366
379
84
1167
940
1024
45
1034
985
1027
951
73
762
1042
1065
1031
32
1106
997
209
833
54
336
1048
731
394
1062
639
1042
1008
941
112
994
913
344
759
1065
1040
299
373
655
1025
1072
1086
802
241
572
1044
597
1024
722
366
1031
1007
1027
162
1031
1041
945
113